[
  [
    37.495239776967956,
    126.98288797619847
  ],
  [
    37.495239776967956,
    126.98288797619847
  ],
  [
    37.49587983886778,
    126.98292453103664
  ],
  [
    37.49632178969941,
    126.98297508210136
  ],
  [
    37.4964573211506,
    126.98301848007172
  ],
  [
    37.496538698419585,
    126.98305130354237
  ],
  [
    37.496538698419585,
    126.98305130354237
  ],
  [
    37.496628987808656,
    126.98307269720463
  ],
  [
    37.496745721545295,
    126.9830258780598
  ],
  [
    37.496745721545295,
    126.9830258780598
  ],
  [
    37.497035290004064,
    126.9831689692925
  ],
  [
    37.49723466627086,
    126.98330197527645
  ],
  [
    37.49723466627086,
    126.98330197527645
  ],
  [
    37.49727089879115,
    126.9833241022933
  ],
  [
    37.49727089879115,
    126.9833241022933
  ],
  [
    37.49746155733254,
    126.98349115472759
  ],
  [
    37.49870596877497,
    126.98465045728052
  ],
  [
    37.498977613555695,
    126.98480511041782
  ],
  [
    37.49919452111548,
    126.98488133970235
  ],
  [
    37.49944688348567,
    126.98488923275279
  ],
  [
    37.49972569119504,
    126.98482891085703
  ],
  [
    37.49995015046973,
    126.98473539575141
  ],
  [
    37.50015620190978,
    126.98459689109613
  ],
  [
    37.500566748414634,
    126.98413894660266
  ],
  [
    37.50093989297466,
    126.98352316853848
  ],
  [
    37.501276606881,
    126.98286263960141
  ],
  [
    37.501276606881,
    126.98286263960141
  ],
  [
    37.501602261134614,
    126.98196474956585
  ],
  [
    37.501602261134614,
    126.98196474956585
  ],
  [
    37.50176014215341,
    126.98146497472494
  ],
  [
    37.50192439609844,
    126.98065974594547
  ],
  [
    37.502095033991644,
    126.9785085549578
  ],
  [
    37.50221725377316,
    126.97805449521753
  ],
  [
    37.502703278189294,
    126.97695080657978
  ],
  [
    37.502703278189294,
    126.97695080657978
  ],
  [
    37.50285477356996,
    126.97675647007767
  ],
  [
    37.503211917971846,
    126.97637836535046
  ],
  [
    37.503211917971846,
    126.97637836535046
  ],
  [
    37.50399827842571,
    126.97562116025182
  ],
  [
    37.50399827842571,
    126.97562116025182
  ],
  [
    37.504498000064565,
    126.97506013209387
  ],
  [
    37.504498000064565,
    126.97506013209387
  ],
  [
    37.504756133081095,
    126.97469467522872
  ],
  [
    37.50488940932115,
    126.97447795746969
  ],
  [
    37.50500466628374,
    126.97426148548057
  ],
  [
    37.50510170752255,
    126.97402264151589
  ],
  [
    37.50561363956255,
    126.97279411513632
  ],
  [
    37.50561363956255,
    126.97279411513632
  ],
  [
    37.50567464005981,
    126.97255576128812
  ],
  [
    37.50571791638617,
    126.97235158118994
  ],
  [
    37.50572623706997,
    126.97227229440568
  ],
  [
    37.505734065670886,
    126.97213646239962
  ],
  [
    37.50573199885196,
    126.97189897255156
  ],
  [
    37.50570054007635,
    126.97139043666549
  ],
  [
    37.50568956083841,
    126.971164379655
  ],
  [
    37.50569492496216,
    126.97074582185944
  ],
  [
    37.505711169879845,
    126.97054201188952
  ],
  [
    37.50573681817932,
    126.97038331423657
  ],
  [
    37.50573681817932,
    126.97038331423657
  ],
  [
    37.50577098271194,
    126.97016794752463
  ],
  [
    37.50584049417377,
    126.96987292212195
  ],
  [
    37.50584049417377,
    126.96987292212195
  ],
  [
    37.505901883312674,
    126.96967980153863
  ],
  [
    37.50591950756396,
    126.96963431765218
  ],
  [
    37.50621872219754,
    126.9688158519484
  ],
  [
    37.50621872219754,
    126.9688158519484
  ],
  [
    37.50627149513785,
    126.96866808994807
  ],
  [
    37.5067560457337,
    126.96740595369918
  ],
  [
    37.5067560457337,
    126.96740595369918
  ]
]